 3 10 360
 1    2.7230   2.0597   0.4469   4.6413   0.9278   0.9066   0.9363   0.7983   0.9130   0.7686
 1    2.1906   1.5574   1.4625   3.1188   1.0023   1.0159   1.1655   1.0068   1.3379   1.0000
 1    6.0077   2.3276   2.9091   4.1133   0.8843   0.6921   1.1366   0.0000   1.2245   0.0000
 1    3.8727   3.1662   2.0595   3.7405   0.9538   0.9051   1.1898   0.3942   1.4769   0.2311
 1    1.8557   0.6722   1.0816   2.8178   0.9652   0.9975   1.1368   1.0050   1.4428   0.9776
 1    4.9773   3.2862   3.3051   2.8054   0.8509   0.7135   1.1608   0.0000   1.2193   0.0000
 1    3.4949   3.0626   3.2370   2.7414   0.9406   0.9142   1.2772   1.0363   1.6568   1.0429
 1    3.1325   1.7884   1.4166   4.4563   0.9883   0.9883   1.2821   0.9510   1.2238   0.9744
 1    1.9361   1.3630   1.1234   2.9767   1.0000   0.9953   1.1911   0.9883   1.2471   0.9650
 1    0.5946   0.2951   0.7005   0.6225   0.9796   0.9683   1.0385   0.9977   1.1769   0.9864
 1    0.6968   0.2725   0.2041   2.0621   0.9715   0.9145   0.9605   0.9320   0.9627   0.8882
 1    0.2832   0.7676   0.8496   0.7658   1.0299   0.9862   1.0161   1.0046   0.9034   0.9862
 1    1.2414   0.4481   0.6045   2.5607   0.9888   1.0403   1.0380   0.9866   0.9888   0.9754
 1    0.5671   0.6827   0.7241   2.5393   1.0440   1.0602   1.0903   1.0069   1.0509   0.9931
 1    1.0934   0.7678   1.2829   1.1797   0.9770   0.9793   0.9954   1.0069   0.9701   1.0000
 2    9.8117   2.6474   5.8642   8.5257   0.0580   0.0000   4.3478   0.0000   6.2319   0.0000
 2   11.2172   1.9939   2.9562   3.8941   0.2281   0.0000   2.7368   0.0000   3.8509   0.0000
 2   10.9455   3.6880   7.2547   7.4239   0.2029   0.0000   4.6087   0.1739   6.2319   0.2464
 2   11.9562   3.4594   7.6928   3.8085   0.3712   0.0303   2.6288   0.1364   3.2879   0.1667
 2   10.6742   2.0965   7.1186   5.7028   0.2906   0.0769   2.6923   0.2735   3.6154   0.2308
 2   11.3787   2.8514   7.3590   2.9949   0.4098   0.1202   1.8907   0.1694   2.3388   0.1639
 3    9.3217   4.4216   7.3995   8.8676   0.0000   0.0000   5.5926   0.0000   7.6667   0.0000
 3   10.9976   4.5261   7.6362   5.4226   0.1078   0.0000   2.9314   0.0000   4.1176   0.0000
 3   10.7041   2.0371   0.7119   7.7562   0.0000   0.0000   3.8333   0.0000   5.8611   0.0000
 3   11.9856   2.3141   1.2760   6.1678   0.0490   0.0000   2.9412   0.0000   4.3431   0.0000
 3   13.1491   2.1321   1.0034   6.8655   0.0000   0.0000   2.7287   0.0000   3.3023   0.0000
 3   13.1011   0.8841   1.0482   7.6809   0.0000   0.0000   3.5000   0.0000   4.2549   0.0000
 3    9.9946   1.5943   0.8784   9.1714   0.0000   0.0000   7.3590   0.0000  11.0256   0.0000
 3    8.1102   0.6699   0.4427   3.6079   0.0000   0.0000   2.6049   0.0000   3.8519   0.0000
 3    8.7877   0.8417   0.3043   3.3527   0.0000   0.0000   2.5000   0.0000   4.0000   0.0000
 3   10.7943   1.0788   0.6585   4.8330   0.0000   0.0000   1.9630   0.0000   2.9333   0.0000
 3   10.4282   0.3469   0.7179   4.4420   0.0000   0.0000   2.2479   0.0000   3.5470   0.0000
 3   10.4433   0.6117   0.6111   4.3443   0.0000   0.0000   2.2000   0.0000   3.3833   0.0000
 3   10.2599   0.6303   0.2390   4.4308   0.0000   0.0000   2.5619   0.0000   3.7619   0.0000
 3   10.0075   0.7798   0.2393   4.4666   0.0000   0.0000   2.7396   0.0000   4.0313   0.0000
 1    1.5278   1.5074   1.8181   2.5200   1.0196   1.0224   1.1905   1.0896   1.3557   1.0588
 1    4.9856   1.2948   3.6107   4.6998   0.8720   0.6427   1.0907   0.0000   1.1413   0.0000
 1    1.5107   2.3730   1.9604   1.6180   0.9886   0.9259   1.0370   0.0000   1.0342   0.0000
 1    3.8500   3.2133   1.0673   3.4518   0.9036   0.9392   1.0922   0.7505   1.1342   0.7275
 1    1.9777   1.0441   1.2108   2.5392   0.9904   0.9976   1.1343   0.9424   1.1894   0.9424
 3   10.3728   1.8605   2.9505   6.4554   0.0476   0.0000   4.6667   0.0000   6.2063   0.0000
 1    3.8672   2.1397   1.1935   1.6105   0.9554   0.8530   1.1339   0.0840   0.9659   0.0000
 3   10.9283   2.5063   4.3859   6.2666   0.1449   0.0000   4.5507   0.0000   5.3913   0.0000
 3   10.9759   2.4115   3.6647   6.4982   0.1667   0.0000   4.0513   0.0000   5.1667   0.0000
 3   10.9791   2.7828   3.7687   6.0616   0.1750   0.0000   2.6500   0.0000   3.3250   0.0000
 1    0.8999   0.6759   2.9819   1.3147   1.0127   1.0204   1.0916   1.0611   1.2468   1.0585
 1   10.8880   3.2013   7.0622   5.6188   0.5862   0.1801   1.4406   0.0000   1.5402   0.0000
 1    1.0692   0.4665   1.0873   0.7245   0.9773   0.9621   1.0126   0.9924   1.1667   0.9545
 1    2.1611   0.9138   0.7638   0.9383   0.9303   0.9254   1.0871   0.9925   1.4776   0.9602
 1    1.9567   1.2252   0.6395   1.6268   0.9502   0.9502   1.1144   0.9602   1.5000   0.9677
 1    0.4241   0.7759   0.3743   0.5872   1.0184   0.9843   1.0131   0.9895   1.3018   0.9685
 1    0.6404   0.4462   0.8949   1.3785   1.0349   1.0188   1.0296   0.9785   1.4489   0.9839
 1    1.5645   1.0423   1.3041   1.5314   1.0000   0.9839   1.1075   1.0457   1.5188   1.0054
 1    1.2982   1.2405   0.9978   1.2921   0.9871   0.9716   1.0646   1.0052   1.5065   1.0129
 1    0.4777   0.8991   1.2172   1.2371   1.0109   1.0109   1.0519   1.0246   0.9891   1.0164
 1    0.5450   0.8093   0.7778   1.1970   0.9898   0.9822   0.9822   0.9466   0.9669   0.9517
 1    0.4551   0.4441   0.9497   0.3976   0.9893   0.9920   1.0027   0.9760   0.9707   0.9813
 1    0.1722   0.6645   1.4727   0.4196   1.0278   1.0306   1.0417   1.0417   0.8917   1.0444
 1    0.3417   0.4139   0.3356   1.2319   1.0217   1.0027   1.0488   0.9621   0.9106   1.0081
 1    0.9391   0.9626   1.0646   0.8436   0.9973   1.0027   1.0574   1.0464   0.8880   1.0355
 1    0.6873   1.3594   0.8191   0.9453   0.9746   0.9440   0.9873   0.9466   0.7176   0.9440
 1    1.9503   0.8377   1.5350   1.5590   0.9404   0.8808   1.0190   0.2439   0.9946   0.2060
 2    6.0818   1.0868   2.5721   2.1009   0.7564   0.4744   1.7500   0.1154   2.4423   0.1026
 1    1.2769   0.9354   1.6543   1.6340   0.9677   0.9435   1.0027   0.2634   0.9946   0.2339
 2    5.9252   1.2784   4.5861   4.6658   0.7619   0.6429   2.1111   0.1349   2.9683   0.0952
 2    7.2871   1.8692   4.3775   2.4960   0.7515   0.5697   1.8424   0.1576   2.3697   0.0909
 2    4.3640   1.0493   4.1842   3.4980   0.8156   0.6738   1.7092   0.1064   2.7163   0.0496
 2    6.4533   2.6716   4.3891   2.9183   0.7018   0.5614   1.8363   0.3626   2.6667   0.3158
 2    8.4885   3.2401   5.6269   3.6420   0.6923   0.5385   1.9333   0.3385   2.4769   0.3026
 2    7.2163   3.3851   5.4873   6.0752   0.7037   0.6235   2.1667   0.3765   2.9198   0.3025
 3   12.3038   0.3450   0.3652   6.9325   0.2095   0.0000   3.4381   0.0000   4.2000   0.0000
 3   12.5112   0.4866   0.3729   7.0977   0.2072   0.0000   3.3063   0.0000   3.9189   0.0000
 3   12.6297   1.0384   0.4496   7.7733   0.1429   0.0000   3.4571   0.0000   4.0952   0.0000
 3   12.2612   0.8100   0.8257   8.1269   0.1333   0.0000   3.9111   0.0000   4.8333   0.0000
 3   11.0514   0.6154   0.6346   8.2107   0.0000   0.0000   4.2267   0.0000   5.9867   0.0000
 3   10.2598   0.5134   0.5077   9.1671   0.0000   0.0000   5.8627   0.0000   8.8627   0.0000
 3   11.6053   1.5933   0.5104   6.4430   0.0909   0.0000   3.1414   0.0000   4.0606   0.0000
 3   12.0576   0.9061   0.3137   6.4303   0.1333   0.0000   3.1333   0.0000   3.9048   0.0000
 3   12.8614   0.5556   0.4510   6.9844   0.1053   0.0000   3.1140   0.0000   3.6053   0.0000
 3   12.0869   0.6179   0.2390   7.7896   0.0000   0.0000   3.8736   0.0000   4.5517   0.0000
 3   11.6819   0.7350   0.3579   7.4375   0.0111   0.0000   3.6778   0.0000   4.4333   0.0000
 3   11.3453   0.9079   0.4233   6.9842   0.0444   0.0000   3.6111   0.0000   4.4444   0.0000
 2    4.8190   2.5108   1.7074   3.8184   0.7481   0.6889   1.8074   0.2889   3.0963   0.0889
 2    3.6667   2.7174   3.0649   3.1679   0.8431   0.7647   1.5229   0.3856   2.2484   0.3072
 2    5.0087   1.1142   1.1722   3.5356   0.6563   0.5000   2.2708   0.1458   4.3333   0.0833
 2    7.4276   1.3512   3.4226   4.7763   0.7121   0.4773   2.3409   0.1288   3.2879   0.1212
 1    0.7004   0.6100   0.8370   0.5528   0.9901   0.9926   1.0247   0.9630   0.9753   0.9753
 1    0.7319   0.4955   2.0766   0.3469   1.0125   0.9975   1.0501   0.9900   1.0301   0.9724
 2    6.5104   2.6143   4.5746   5.5916   0.6316   0.4737   2.4912   0.1228   3.8684   0.0789
 2    7.8189   2.9567   5.0800   4.4105   0.6667   0.4275   2.3116   0.0870   3.0290   0.0725
 1    0.4390   0.7896   0.6944   1.0887   0.9838   0.9630   0.9815   0.9491   1.0069   0.9537
 2    5.5444   2.0708   3.4357   2.2048   0.7414   0.6034   1.6379   0.3161   2.3333   0.2586
 1    0.3484   0.5693   0.9383   0.3610   0.9903   0.9878   0.9805   0.9392   0.9781   0.9416
 1    0.5981   0.6236   1.5050   0.8466   0.9728   0.9630   0.9877   1.0099   1.0519   1.0198
 1    0.7328   0.4045   0.2916   1.9955   1.0266   1.0676   1.0990   1.0894   1.2029   1.0556
 2    5.9501   2.9038   5.0520   2.3126   0.7627   0.6045   1.7062   0.3390   2.2599   0.2599
 2    4.8007   1.6730   2.7417   4.1052   0.7778   0.7037   1.8963   0.3852   2.8000   0.3037
 1    0.7235   0.4985   0.6179   1.8218   0.9825   0.9561   0.9518   0.9474   0.9803   0.9452
 2    4.2709   0.9622   0.7479   3.7421   0.8049   0.7398   1.8780   0.3089   3.1951   0.2033
 2    5.7113   0.8127   1.2043   3.6099   0.7826   0.7101   1.9493   0.3333   2.8551   0.2391
 1    0.5508   1.0992   0.8487   0.6440   0.9831   0.9768   1.0042   1.0127   0.9916   0.9852
 1    1.1481   0.7169   1.2089   1.7988   0.9632   0.9346   0.9898   0.9591   0.9632   0.9693
 1    0.9591   0.4564   0.5514   0.8598   0.9873   0.9937   1.0042   1.0127   1.0949   0.9958
 1    1.0002   0.7546   0.8020   1.5861   0.9894   1.0042   1.0467   1.0637   1.0361   1.1040
 1    1.3581   1.2342   1.9023   0.9516   0.9652   0.9530   1.0225   1.0634   0.9939   1.0879
 1    0.7677   0.8049   0.6150   0.8514   0.9957   0.9677   1.0151   0.9914   1.0065   0.9699
 1    1.1049   0.5959   1.1570   1.4484   0.9695   1.0196   1.0414   0.9935   0.9390   0.9651
 2    5.9270   1.2380   4.5983   4.6348   0.5309   0.3086   2.7284   0.1358   5.7037   0.1975
 1    0.6918   1.2342   1.7780   1.0665   0.9665   0.9665   0.9783   1.0276   0.9763   1.0316
 1    1.8256   1.1257   1.9510   0.8975   0.9675   0.9309   1.0467   0.9146   1.0163   0.8821
 1    0.8056   0.9124   0.8687   1.3563   0.9615   0.9893   0.9936   0.9701   1.0192   0.9744
 1    0.9227   0.4859   0.8118   0.8738   0.9765   0.9744   1.0192   0.9658   1.0000   0.9701
 1    1.0596   0.3706   0.4827   2.6200   0.9895   0.8819   0.9873   0.9093   0.9895   0.9219
 2    4.4075   1.2323   3.7044   3.6184   0.6078   0.3137   3.1765   0.2745   8.9608   0.3333
 2    4.6890   0.8852   3.6858   3.6589   0.5667   0.3500   2.9333   0.2000   7.5500   0.2500
 2    7.4869   2.2388   3.4659   5.2390   0.7387   0.4505   2.7658   0.2973   4.5315   0.2613
 1    0.6692   0.9362   0.8846   1.1594   1.0000   0.9789   0.9916   0.9515   1.0084   0.9620
 1    0.5898   0.6724   0.6861   1.2088   0.9648   0.9648   0.9793   0.9917   0.9296   1.0062
 1    0.4760   0.5879   0.3809   1.0701   1.0024   1.0312   1.0048   1.0288   1.1918   1.0144
 1    0.4581   0.5617   0.9589   0.9734   1.0044   1.0110   1.0285   0.9912   1.0636   0.9759
 1    0.6471   0.8282   2.4207   1.9612   1.0451   1.0476   1.1028   1.0802   1.1128   1.0501
 1    1.3872   1.1785   1.2136   1.0512   0.9817   0.9521   1.0365   0.9749   1.0183   0.9658
 2    7.4329   1.9620   2.6891   4.4932   0.7697   0.6364   2.0303   0.6242   2.6303   0.5879
 1    1.1368   0.6108   1.0157   1.2385   0.9804   0.9717   1.0523   1.0109   1.0545   0.9956
 3   11.1661   5.0422   8.5965  11.9912   0.0000   0.0000   9.2308   0.0000  12.3077   0.0000
 3   13.2384   1.9857   0.7736  11.0308   0.0000   0.0000   5.4697   0.0000   7.1061   0.0000
 3   17.6275   7.5134  11.9935  10.6638   0.0727   0.0000   3.3333   0.0000   3.9758   0.0000
 3   14.2748   3.6358   4.9698   5.4985   0.0544   0.0000   2.8707   0.0000   4.4830   0.0000
 3   13.7980   0.6356   0.3509   5.6783   0.0200   0.0000   2.4200   0.0000   3.5333   0.0000
 3   12.1983   0.3557   0.4006   5.4341   0.0000   0.0000   2.5556   0.0000   3.1984   0.0000
 3   12.0249   0.3750   0.2658   5.5700   0.0000   0.0000   2.6500   0.0000   3.3833   0.0000
 3   11.8801   0.3743   0.4305   5.8673   0.0000   0.0000   2.8198   0.0000   3.6847   0.0000
 3   11.5779   0.3079   0.1791   5.9355   0.0000   0.0000   2.9429   0.0000   4.1143   0.0000
 3   11.4689   0.3216   0.4795   5.7221   0.0000   0.0000   2.8241   0.0000   4.0185   0.0000
 3   12.0617   0.7632   0.4376   5.7086   0.0000   0.0000   2.6583   0.0000   3.4667   0.0000
 3   11.5515   1.2095   0.5720   4.1878   0.0544   0.0000   2.0544   0.0000   2.8435   0.0000
 3   13.5584   0.8800   1.0092   5.2825   0.0667   0.0000   2.3600   0.0000   2.7733   0.0000
 3   13.9521   1.6621   1.2748   8.2782   0.0000   0.0000   3.1667   0.0000   3.8083   0.0000
 3   14.7747   0.7252   0.5343   7.0168   0.0000   0.0000   2.7014   0.0000   3.1667   0.0000
 3   15.3921   0.3129   0.5959   5.4333   0.0860   0.0000   2.2204   0.0000   2.3387   0.0000
 3   14.2685   1.4588   1.1803   6.1206   0.0133   0.0000   2.5600   0.0000   3.0133   0.0000
 3   13.5371   1.4307   0.1805   6.8766   0.0000   0.0000   3.0081   0.0000   3.7073   0.0000
 3   10.9524   0.4194   0.4633   6.3833   0.0000   0.0000   3.2778   0.0000   4.8667   0.0000
 3   10.9052   0.4285   0.3944   7.0665   0.0000   0.0000   3.7407   0.0000   5.2346   0.0000
 3   13.5159   0.4034   0.5314   7.3219   0.0000   0.0000   2.8632   0.0000   3.7009   0.0000
 3   12.5543   0.7722   0.4818   7.2537   0.0000   0.0000   3.2745   0.0000   4.2353   0.0000
 3    9.8420   3.3796   3.6475   7.2642   0.0000   0.0000   4.2754   0.0000   6.3043   0.0000
 3    9.5147   0.7835   0.4103   6.6012   0.0000   0.0000   4.0794   0.0000   5.3333   0.0000
 3   10.2416   0.8669   0.6851   6.9416   0.0000   0.0000   3.8333   0.0000   4.7917   0.0000
 3   10.0865   0.3137   0.1228   6.9716   0.0000   0.0000   3.9167   0.0000   4.8750   0.0000
 3    9.8195   4.5287   5.6558   6.3033   0.0000   0.0000   3.5802   0.0000   4.7160   0.0000
 3   11.2647   1.5924   0.5179   6.1446   0.0202   0.0000   2.9798   0.0000   3.9091   0.0000
 3   12.6259   0.7635   0.2020   4.9412   0.1633   0.0000   2.2789   0.0000   2.7755   0.0000
 3   12.6139   0.3210   0.7385   4.8620   0.1957   0.0000   2.4275   0.0000   2.8841   0.0000
 3   12.6398   0.2214   0.7702   4.9608   0.1769   0.0000   2.2585   0.0000   2.7007   0.0000
 3   12.9516   0.6196   0.3012   4.3929   0.2244   0.0000   2.2564   0.0000   2.6090   0.0000
 3   13.2867   1.0483   0.8867   4.5367   0.2485   0.0000   2.1939   0.0000   2.4667   0.0000
 3   12.6435   0.4376   0.8212   4.1615   0.2244   0.0000   2.1859   0.0000   2.5256   0.0000
 3    7.7281   1.0062   0.3557   5.7243   0.0000   0.0000   4.4706   0.0000   6.1765   0.0000
 3    8.6531   0.8803   0.3516   3.9749   0.0476   0.0000   2.8810   0.0000   3.6905   0.0000
 3    8.6461   1.2904   0.1884   7.1490   0.0000   0.0000   4.9412   0.0000   7.2941   0.0000
 3    9.4609   0.8070   0.6383   4.8232   0.0494   0.0000   3.2099   0.0000   4.5185   0.0000
 2    8.7645   1.8885   3.9808   2.1635   0.6491   0.1111   1.8187   0.0000   2.2866   0.0000
 1    0.5338   0.3708   1.0872   0.7506   0.9699   0.9524   1.0000   0.3559   0.9825   0.0652
 2    8.3142   6.7374   7.5367   5.3861   0.7076   0.5263   1.8655   0.0819   1.5731   0.0409
 1    0.9781   0.6079   0.8197   0.8197   0.9801   0.9826   1.0299   0.7239   0.9925   0.5075
 2    5.1714   2.7516   4.1460   4.4873   0.7284   0.5062   2.7531   0.0247   5.0370   0.0000
 1    0.4705   0.5625   1.1386   0.7628   0.9901   0.9726   1.0050   0.9776   0.9901   0.9652
 2    5.5169   2.3370   4.1280   1.9659   0.7179   0.5833   1.6859   0.3526   2.4487   0.2885
 1    2.7123   2.9054   2.5981   3.3661   0.9485   0.9727   1.0667   0.9061   0.9788   0.8061
 1    0.4245   1.3497   0.7134   1.0274   0.9762   0.9571   0.9690   0.8167   0.9571   0.7548
 2    4.7711   2.1670   3.7715   4.3659   0.6528   0.5000   2.8889   0.0278   5.7500   0.0139
 2    4.6609   1.1077   1.4897   3.6590   0.7810   0.7333   2.1048   0.4190   3.5333   0.2762
 2    5.8959   2.3918   4.0549   4.3467   0.6471   0.3824   2.4902   0.0392   4.1078   0.0196
 2    5.6171   1.1302   1.3922   4.3441   0.7748   0.6937   2.2793   0.3604   3.4054   0.2523
 2    7.2888   1.5346   1.5311   4.0452   0.6923   0.5321   2.0128   0.2564   2.4808   0.2179
 2    5.4346   0.7451   0.7682   3.2532   0.6667   0.4630   2.1481   0.0000   3.9167   0.0000
 2    6.2621   1.4786   3.8222   1.3362   0.6111   0.3333   1.8651   0.0000   2.5952   0.0000
 1    0.3459   0.6200   1.4750   0.9070   0.9810   0.9621   0.9702   0.9350   0.8997   0.9322
 2    6.6831   3.5258   4.5381   4.6441   0.6600   0.5067   2.1133   0.2733   2.5800   0.2200
 1    0.5170   0.4110   0.4705   1.8082   0.9878   1.0642   1.0550   1.1070   1.0581   1.1070
 2    5.3357   0.9444   1.6917   3.7577   0.7833   0.6667   2.0750   0.2917   3.1167   0.2500
 2    5.4468   0.8870   2.5640   3.1801   0.5000   0.0694   2.7083   0.0000   4.8611   0.0000
 1    0.4464   0.6150   0.9116   1.3149   1.0327   1.0506   1.0565   0.9732   1.0089   0.9613
 1    0.3452   0.8250   0.7364   0.8775   0.9831   0.9633   0.9802   0.9661   0.9520   0.9972
 2    6.5340   0.8259   3.1142   4.2365   0.4783   0.1014   3.1594   0.0000   5.3188   0.0000
 1    0.4877   0.6060   0.4157   0.6951   0.9748   0.9860   1.0000   0.9664   1.0336   0.9524
 2    4.5835   0.5813   1.4375   3.1944   0.7857   0.6270   1.8968   0.5079   2.9048   0.3571
 1    0.7047   0.4966   1.0106   0.5228   0.9835   0.9532   1.0110   0.9697   1.0055   1.0028
 2    3.9240   0.8131   1.3943   2.8088   0.7949   0.6923   1.7863   0.5385   3.1538   0.4188
 1    0.5299   0.2808   1.3367   0.6091   1.0028   0.9917   1.0468   0.9339   1.0331   0.9339
 2    6.3544   0.7692   1.0551   2.8821   0.7467   0.5533   1.8867   0.1467   2.7867   0.1267
 1    0.5864   0.3250   0.8423   0.6620   0.9680   0.9573   1.0053   0.8907   0.9707   0.9067
 2    6.5321   2.3300   4.1414   5.3223   0.3333   0.0000   4.5778   0.0000   8.3556   0.0444
 2    7.4063   3.7681   4.6324   4.6802   0.4058   0.0145   3.6667   0.0000   5.4348   0.0145
 1    0.2058   0.4661   1.3476   0.5388   0.9869   1.0026   1.0131   1.0052   1.0420   1.0079
 1    0.1757   0.7093   1.6167   0.4945   0.9895   0.9974   0.9948   1.0446   0.9738   1.0394
 2    6.3948   0.6028   0.8722   4.1326   0.7007   0.5646   1.9864   0.2381   2.9252   0.1769
 2    5.6763   1.1961   1.7716   4.5601   0.1429   0.0000   4.5714   0.0000   8.9048   0.0000
 2    6.4795   0.9354   1.0370   5.8295   0.7544   0.7018   2.3947   0.3772   3.3684   0.3246
 2    8.2485   1.3648   1.2887   3.0345   0.6617   0.4876   1.7562   0.2239   2.1443   0.1791
 1    0.9998   1.4909   1.0000   1.4978   0.9909   0.9819   1.0680   1.0136   0.9932   1.0159
 1    1.0199   0.6048   0.7827   0.6881   0.9418   0.9597   1.0089   0.9664   0.9866   0.9754
 1    0.5351   0.3770   0.6322   1.3783   1.0192   1.0120   1.0624   1.0000   1.0264   1.0216
 1    0.4066   0.5608   0.5329   1.0096   1.0240   1.0240   1.0216   1.0719   1.0024   1.0647
 2    5.6639   1.0744   2.1333   3.6709   0.7415   0.6054   1.8776   0.2381   2.8844   0.1905
 2    5.6214   1.4620   1.9687   3.6677   0.8295   0.6899   2.1008   0.2558   3.2403   0.2093
 1    0.7850   0.5576   0.6970   0.7523   0.9709   0.9553   1.0045   0.9553   0.9441   0.9553
 2    5.5415   0.8350   1.2170   3.3031   0.7500   0.5903   1.8681   0.2431   2.7431   0.1875
 2    5.2991   0.6843   1.2723   3.2189   0.8043   0.6304   1.9275   0.2609   2.8551   0.2101
 2    4.9485   0.6832   1.0675   3.2947   0.7891   0.6667   1.7823   0.2585   2.7415   0.2245
 2    4.2654   0.7349   0.5534   2.9964   0.8533   0.7667   1.6933   0.2800   2.7733   0.2133
 2    4.0833   0.3770   0.6237   2.5850   0.8365   0.7421   1.5786   0.2704   2.6478   0.2013
 2    4.0100   0.6972   0.6138   2.4248   0.8545   0.7455   1.5697   0.2909   2.4727   0.2364
 1    0.4323   1.2473   1.1436   0.5760   1.0165   1.0165   1.0331   1.0236   1.0118   1.0095
 1    1.7469   1.2184   2.0709   2.0961   0.9575   0.9299   0.9958   0.9236   0.9342   0.9214
 1    1.7460   1.7369   2.5865   4.3409   0.9142   0.8862   0.9042   0.8663   0.8643   0.8922
 3    6.8120   0.4950   0.3788   4.7422   0.0000   0.0000   3.8824   0.0000   4.8235   0.0000
 3    6.7676   0.2576   0.2569   4.9836   0.0000   0.0000   4.2889   0.0000   5.4222   0.0000
 3    5.9253   0.6550   0.7127   5.7233   0.0000   0.0000   7.4167   0.0000   8.8333   0.0000
 3    5.7069   0.4903   0.6015   5.0166   0.0000   0.0000   5.7333   0.0000   7.5333   0.0000
 3    5.5716   0.4808   0.3666   4.9025   0.0000   0.0000   5.4667   0.0000   7.6333   0.0000
 3    5.5322   0.4532   0.4934   5.1478   0.0000   0.0000   6.7083   0.0000   9.3750   0.0000
 3    5.4046   0.3617   0.6678   5.0719   0.0000   0.0000   6.5000   0.0000   9.1250   0.0000
 3    5.1955   0.3788   0.2836   4.8862   0.0000   0.0000   7.3810   0.0000  10.3810   0.0000
 3    5.3165   0.3708   0.2940   4.9987   0.0000   0.0000   6.6250   0.0000   9.1667   0.0000
 3    5.1511   0.4875   0.3567   2.9996   0.3838   0.0000   1.3939   0.0000   1.9495   0.0000
 3    5.5430   2.2574   3.8087   3.4077   0.0784   0.0000   2.7843   0.0000   3.4902   0.0000
 1    0.6410   0.6503   0.7716   0.4487   0.9662   0.9662   1.0338   0.4177   1.0338   0.1013
 1    0.4452   0.3096   0.5514   0.9882   1.0188   1.0329   1.0798   1.0047   1.0798   0.9859
 1    0.1777   0.5134   0.7371   0.1404   1.0000   0.9907   1.0139   1.1250   1.1065   1.0833
 1    3.4761   2.1407   2.0383   4.3520   0.8333   0.4086   1.0645   0.0000   1.2312   0.0000
 3    7.6451   1.7218   1.1634   2.7825   0.2688   0.0000   2.2043   0.0000   2.5054   0.0000
 1    1.0613   0.5388   0.5426   0.5483   0.9474   0.9430   1.0702   0.9649   1.0219   0.9737
 1    5.0015   2.4085   1.3023   2.7966   0.8274   0.3690   1.4464   0.0000   2.0417   0.0000
 3    6.6511   1.7790   1.6494   3.1606   0.1754   0.0000   3.0526   0.0000   6.5614   0.0000
 1    0.6445   0.5300   0.3708   0.7709   0.9918   0.9588   0.9794   0.9300   1.1317   0.9054
 1    2.3871   1.5467   2.0656   3.0722   0.9412   0.9559   1.3725   1.1029   0.7647   1.1176
 1    3.2504   1.6720   0.7838   4.2056   0.9275   0.9372   1.4686   1.0048   0.7536   1.0531
 3    7.3852   0.8499   0.9130   3.3520   0.1600   0.0000   2.4800   0.0000   2.4800   0.0000
 3    7.6314   1.2717   1.3966   3.4265   0.1786   0.0000   2.2857   0.0000   2.2262   0.0000
 3    7.6444   1.4756   1.4964   3.3598   0.1889   0.0000   2.1333   0.0000   2.0667   0.0000
 1    0.8057   0.7585   0.4564   0.6048   0.9657   0.9657   1.1225   0.9216   1.2402   0.9853
 1    0.8195   0.4730   0.8542   0.6606   0.9491   0.9491   1.0880   0.8889   1.1667   0.9444
 3    6.7704   1.7520   1.5854   3.3760   0.0784   0.0000   3.4706   0.0000   4.2941   0.0000
 3    7.4770   0.6412   0.8841   3.3565   0.1333   0.0000   2.6133   0.0000   3.3067   0.0000
 3    7.6429   0.6824   1.6348   3.2538   0.2051   0.0000   2.5641   0.0000   3.1795   0.0000
 3    7.2652   0.6551   1.0621   4.7584   0.0000   0.0000   3.5263   0.0000   5.1228   0.0000
 2    4.6748   2.0687   3.5042   2.6327   0.7654   0.5062   2.2593   0.1358   3.7778   0.1481
 2    4.9359   2.2387   3.9647   1.8223   0.7048   0.4571   1.8286   0.1238   2.9905   0.1238
 2    4.6782   0.8115   1.8816   1.0251   0.7063   0.4206   1.5476   0.1270   2.4921   0.0794
 2    4.2267   0.7993   1.6555   1.3347   0.7755   0.4966   1.3878   0.1701   1.9320   0.1224
 2    2.5513   0.7719   1.8272   2.3719   0.6481   0.3889   2.1481   0.2963   6.0926   0.2407
 3    6.8748   1.8414   4.3214   3.3440   0.2609   0.0000   2.8841   0.0000   4.9710   0.0000
 2    3.7362   1.3989   1.6861   5.4463   0.6667   0.5294   3.7451   0.4118   6.9412   0.3725
 2    3.8990   0.4305   0.7719   4.4583   0.6140   0.6667   3.1754   0.4912   6.4035   0.2982
 2    4.8183   1.0607   0.4960   3.7714   0.5694   0.4861   2.7500   0.3194   5.1944   0.2222
 2    3.8953   0.6236   0.9551   2.2953   0.4928   0.3623   2.2464   0.3043   4.9710   0.2464
 2    5.9525   0.7082   0.7537   5.0426   0.4444   0.4198   2.8519   0.2593   4.2716   0.2099
 2    6.0572   0.4955   0.6550   5.1247   0.4872   0.4231   3.0513   0.2692   4.4359   0.2692
 2    6.0674   0.9230   0.5663   4.9225   0.5067   0.4133   3.1333   0.2800   4.7333   0.2800
 3    4.9231   0.9242   0.9424   5.6842   0.0000   0.0000  16.8889   0.0000  39.1111   0.0000
 1    1.7793   1.0534   1.4655   1.2460   1.0205   0.8713   1.0731   0.1140   1.0673   0.0906
 3    5.4118   0.9719   0.8976   5.6736   0.0000   0.0000   6.9167   0.0000  14.5000   0.0000
 1    0.6072   0.4275   0.5383   1.0044   0.9516   0.9624   0.9731   0.8737   0.9059   0.8091
 1    1.4062   0.5827   0.5487   1.8650   0.9580   0.8845   0.9790   0.2283   0.9685   0.1181
 1    0.2827   0.4631   0.8849   0.8287   0.9633   0.9895   0.9790   0.5039   0.9790   0.3360
 1    0.7399   0.6035   0.4082   0.6503   0.9699   0.9508   1.0027   0.8989   0.9235   0.9536
 3    7.0913   1.2952   1.6183   5.1767   0.0000   0.0000   4.0392   0.0000   6.6667   0.0000
 3    6.6307   1.3523   0.7060   5.4245   0.0000   0.0000   5.3611   0.0000   9.3889   0.0000
 1    0.5790   0.7402   1.3875   0.4101   1.0137   0.9918   1.0410   0.9317   0.9945   0.9071
 1    0.3303   0.4631   2.6333   0.6036   1.0161   1.0081   1.0081   0.9919   0.9731   0.9731
 1    0.2977   0.4617   2.0446   0.6171   0.9790   0.9816   0.9816   0.9606   0.9606   0.9475
 1    0.3722   0.5693   1.5836   0.4938   1.0190   1.0244   1.0352   0.9919   1.0108   0.9783
 1    0.5023   0.6480   0.7434   0.5429   0.9694   0.9806   1.0139   0.9444   0.9889   1.0194
 3    5.9403   0.6192   0.4797   5.0376   0.0000   0.0000   4.9167   0.0000   8.8056   0.0000
 3    5.6096   0.6242   0.5122   4.8829   0.0000   0.0000   5.5667   0.0000  10.4000   0.0000
 3    5.3294   0.5552   0.3121   4.7788   0.0000   0.0000   5.9259   0.0000  11.4074   0.0000
 3    5.0735   0.6664   0.9421   4.8269   0.0000   0.0000   5.2000   0.0000  10.0667   0.0000
 3    4.8797   1.0080   0.5989   4.9568   0.0000   0.0000   8.2222   0.0000  15.6111   0.0000
 3    5.1438   0.5364   0.8203   4.8892   0.0000   0.0000   5.7037   0.0000  10.1481   0.0000
 3    5.5704   0.4496   0.6229   5.0716   0.0000   0.0000   6.1852   0.0000  10.1111   0.0000
 2    5.9665   2.0813   3.2617   4.3066   0.6496   0.4615   2.1111   0.0000   3.2222   0.0000
 2    6.8644   1.1508   1.4331   4.6876   0.6585   0.5285   2.2602   0.0732   3.0488   0.0569
 2    7.7395   0.7434   1.4488   5.3901   0.4889   0.2778   2.9778   0.1667   4.4111   0.0778
 2    5.7034   0.4655   2.3000   4.6165   0.6667   0.5641   2.1966   0.1282   3.3248   0.0769
 2    8.0798   0.6550   0.5653   5.5705   0.4533   0.1867   3.5200   0.0533   5.0533   0.0533
 2    4.4360   1.3194   1.3146   4.2346   0.8333   0.7222   2.4111   0.2111   4.2111   0.2111
 2    5.4518   1.9975   1.6259   3.9609   0.7094   0.5812   2.1624   0.1880   3.4530   0.1368
 2    7.0315   1.0757   0.4689   5.3010   0.5679   0.3827   3.1111   0.2099   4.7778   0.1852
 2    4.9949   1.7187   2.2212   4.2352   0.7957   0.6882   2.5161   0.1828   4.3871   0.1505
 2    7.6296   1.0046   1.1151   5.1144   0.5152   0.3434   2.7071   0.2828   3.8384   0.2020
 2    7.6698   0.6839   0.9759   5.1777   0.5625   0.3750   2.8646   0.2917   3.9583   0.2708
 2    7.9004   1.1447   1.3757   4.8874   0.5588   0.3725   2.6863   0.2059   3.6961   0.1373
 2    5.8979   1.2126   2.3429   4.4342   0.7105   0.6053   2.3070   0.2544   3.5702   0.1930
 2    8.3810   1.0332   1.4669   4.8294   0.5045   0.3063   2.5315   0.1802   3.4414   0.1171
 2    5.9348   1.1537   1.9830   4.8013   0.6759   0.5648   2.3519   0.1944   3.7037   0.1574
 2    6.9401   1.0634   1.2011   4.5278   0.6667   0.5556   2.2698   0.1667   3.1032   0.1587
 1    0.6562   0.5690   0.7495   0.3104   0.9771   0.9517   1.0102   0.9644   0.9491   0.9669
 2    5.8713   1.0944   1.3408   4.7748   0.5679   0.4938   2.7531   0.1235   4.6296   0.1481
 2    7.3580   1.1026   0.6961   4.2286   0.6312   0.4965   2.1418   0.1631   2.7447   0.1489
 2    7.3538   1.2038   1.9373   4.2412   0.6449   0.5000   2.1594   0.1884   2.8043   0.1667
 2    6.4024   2.7661   4.2522   3.8969   0.6036   0.4144   2.3784   0.1081   3.5766   0.0811
 2    6.2693   1.5703   3.5105   2.9760   0.6992   0.4634   2.1545   0.1220   3.3333   0.0894
 1    1.2170   0.7672   1.4280   1.7226   0.9720   0.9364   1.0076   0.9746   0.9873   0.9695
 1    1.1204   0.8356   1.1871   1.7249   1.0000   1.0328   1.0984   1.0492   1.0328   1.0656
 2    7.7808   0.9679   3.2768   3.9776   0.6424   0.5152   1.9030   0.1758   2.4848   0.1697
 2    5.9442   2.2128   3.0874   4.7727   0.6437   0.5172   2.7356   0.0690   4.3218   0.0575
 2    6.9246   3.1207   5.5057   5.3909   0.6812   0.5435   2.2609   0.2246   2.8696   0.2174
 2    6.3460   1.3088   1.1235   4.4260   0.4881   0.3214   2.6548   0.0476   4.5119   0.0833
 2    6.8347   1.8889   2.6006   4.3670   0.5119   0.3095   2.9643   0.0238   4.5714   0.0476
 2    6.7840   1.5684   3.3871   3.9292   0.6190   0.5102   1.9252   0.2177   2.7347   0.1361
 2    6.3454   1.6213   5.0425   6.0258   0.2444   0.0000   4.6889   0.0000   9.3333   0.0000
 2    6.4092   2.3571   3.8097   5.4426   0.5606   0.4091   3.6970   0.1212   5.8182   0.0758
 2    4.5527   1.5748   2.7948   5.8038   0.3750   0.0000   7.1250   0.0000  16.9583   0.0000
 2    4.4387   1.7407   3.5364   4.3289   0.7658   0.6847   2.0541   0.2252   3.7207   0.2072
 2    5.6753   1.2335   4.9613   5.5218   0.1667   0.0000   6.1667   0.0000  13.3333   0.0000
 2    6.9839   3.3291   5.3812   5.6860   0.6667   0.5442   2.1973   0.2177   2.8163   0.1905
 2    6.9034   1.3750   4.6551   5.7787   0.2292   0.0000   4.5208   0.0000   8.3542   0.0000
 2    8.2062   3.3709   5.8060   3.2584   0.5000   0.3264   2.0972   0.1319   2.5625   0.0694
 2    7.4141   1.4011   1.8888   5.4704   0.4028   0.0694   3.5139   0.0000   5.7639   0.0000
 2    7.7788   3.1373   5.3437   5.4874   0.6458   0.3958   3.0417   0.2188   3.9792   0.1354
 2    6.9482   2.4882   4.2807   6.3567   0.5889   0.4444   3.1222   0.2444   4.4667   0.2000
 1    0.7846   0.6597   1.0785   1.2533   1.0000   0.9716   1.0000   0.3204   1.0233   0.1990
 2    7.5479   1.4199   1.9759   6.0162   0.3500   0.0333   4.2667   0.0167   6.9667   0.1167
 2    7.7476   3.1595   5.4641   4.5553   0.5385   0.3761   2.4530   0.2735   3.3419   0.2051
 1    0.6474   0.4955   0.5506   0.7005   1.0000   1.0054   1.0565   0.9785   1.0591   1.0081
 2    6.9192   3.6416   5.6165   4.5474   0.6452   0.4624   2.7527   0.3118   4.3441   0.2258
 2    5.0095   4.2984   5.3468   1.8575   0.7521   0.6453   1.3120   0.3333   1.5983   0.2393
 1    0.6645   0.7336   0.6322   0.7692   0.9708   0.9684   1.0000   0.8710   1.0219   0.8637
 2    4.9848   1.0812   4.6982   5.9166   0.5965   0.6316   3.4561   1.6842   7.1053   1.5088
 2    7.0074   1.0326   3.3502   2.7717   0.6296   0.3407   1.9852   0.1926   2.9630   0.1407
 1    0.3365   0.5720   0.5779   1.1888   0.9903   0.9638   0.9783   0.9662   1.0048   0.8937
 2    3.6810   1.0563   1.5580   5.0800   0.7193   0.8596   3.0526   1.5965   7.0351   1.2281
 1    0.7306   0.5757   0.6028   0.5730   0.9802   0.9704   1.0148   0.9333   0.9802   0.9210
 1    0.7132   0.5107   0.8554   0.7706   0.9925   0.9925   1.0326   0.9198   1.0125   0.9248
 1    0.6637   1.0985   1.5016   1.4294   1.0131   1.0394   1.0604   1.0656   0.9921   1.0577
 2    3.8409   3.0777   4.0802   3.8142   0.7719   0.6842   1.9123   0.1930   3.0526   0.0965
 2    4.1499   3.4580   0.6940   3.2636   0.7317   0.6829   1.7724   0.3902   2.9919   0.3171
 1    0.7735   0.5092   0.8259   1.6046   0.9808   0.9400   0.9736   0.9640   0.7794   0.9233
 3   12.7519   0.7270   1.0556  10.1472   0.0000   0.0000   4.9697   0.0000   6.0303   0.0000
 3   12.9821   0.4064   0.2226   9.8210   0.0000   0.0000   4.4933   0.0000   5.1867   0.0000
 3   14.2022   0.4705   0.5933  10.2273   0.0000   0.0000   4.4321   0.0000   4.9259   0.0000
 3   13.9477   0.5539   0.7318   9.5893   0.0000   0.0000   3.7634   0.0000   4.3333   0.0000
 3   13.6345   0.9605   0.3514   8.2635   0.0000   0.0000   3.3627   0.0000   3.9412   0.0000
 3   13.8532   0.7462   0.5968   7.8967   0.0000   0.0000   3.1351   0.0000   3.6126   0.0000
 3   14.2743   0.1995   0.1571   7.6122   0.0000   0.0000   2.5909   0.0000   3.0076   0.0000
 3   14.1970   2.2933   1.0103   6.8181   0.0000   0.0000   2.2138   0.0000   2.4088   0.0000
 3   14.4303   0.8399   0.8841   6.1999   0.1345   0.0000   2.1053   0.0000   2.4211   0.0000
 3   14.3179   1.3710   0.5468   5.7810   0.1613   0.0000   1.9570   0.0000   2.1828   0.0000
 3   14.3080   0.7206   0.8012   5.6428   0.1667   0.0000   2.0333   0.0000   2.2222   0.0000
 3   14.3517   0.4213   0.3983   5.7264   0.1520   0.0000   2.1520   0.0000   2.3041   0.0000
 3   14.3996   0.5539   1.3338   6.0753   0.1636   0.0000   2.1879   0.0000   2.3879   0.0000
 3   14.3161   1.7912   1.2373  10.0395   0.0000   0.0000   3.7917   0.0000   4.1250   0.0000
 3    9.1428   1.9344   2.9432   2.8317   0.1759   0.0000   2.4352   0.0000   3.5833   0.0000
 3    9.0410   2.2347   4.8864   3.7369   0.1569   0.0000   2.3431   0.0000   3.8333   0.0000
 3    8.6900   2.8015   4.6078   4.5740   0.0667   0.0000   2.5667   0.0000   4.3000   0.0000
 3    8.7938   0.9328   1.1402   5.5143   0.0000   0.0000   3.7619   0.0000   6.3175   0.0000
 3    9.5949   0.4581   0.4006   4.6198   0.0000   0.0000   2.6774   0.0000   4.2151   0.0000
 3   10.6518   0.2781   0.2294   5.1790   0.0000   0.0000   2.6373   0.0000   3.7451   0.0000
